10000 10000
9072
5805
6797
6258
4143
842
6725
329
4069
3582
1536
1584
9467
2097
4770
999
2496
1332
3049
3332
6182
8830
8971
8372
5293
4334
7966
8146
7523
935
1507
5172
1847
8427
7322
3376
8575
3276
5880
1493
4621
5896
9289
5936
4325
9884
7521
1641
2053
6672
3627
6736
3519
1648
5415
8996
5031
6799
475
1734
2614
797
10
5019
4478
2827
5609
4640
675
8501
6982
7416
1422
9865
9762
336
9779
9202
1183
840
8160
7223
4074
7606
6399
2099
9451
7292
7976
504
1714
8534
1273
7006
2195
6147
2214
4807
869
9660
4481
511
7762
8875
253
781
6438
8789
3848
4135
8089
9207
7522
7246
2137
4195
2541
1896
6964
7646
343
5347
4190
8742
8432
8578
4684
1360
8209
4293
3728
7198
1002
7045
1035
3549
321
23
9051
8845
8559
2685
7330
5780
1846
1106
4335
8817
3837
6189
9604
6505
9987
456
845
8442
9142
2375
5288
1023
2126
4519
392
1701
4528
3404
2813
9778
6796
7066
1127
8826
9031
64
6371
734
5032
1604
7287
567
5650
9745
2428
295
1072
486
8039
5920
2002
477
8831
547
6753
7524
481
8169
6850
1386
4751
6853
2239
1823
8983
7434
2656
2621
7113
6218
6562
3196
2093
7427
1131
2260
4190
8263
164
6368
1951
7341
7215
1288
5396
8104
8668
3663
4662
6353
672
4460
4091
6281
8750
9540
9296
1746
1876
7337
1499
8133
570
5790
221
3944
412
2953
4916
570
7985
8216
1329
1445
6837
4327
1296
4171
156
7317
207
37
9385
1239
8968
7148
512
7479
9375
9723
7145
3024
711
4645
9755
2625
7924
6109
2819
4371
5192
6563
7220
2921
6409
4733
8339
2882
1101
6363
7952
3904
8457
2073
1461
8244
1109
4507
192
6903
6657
8304
2080
7073
9307
4940
9131
7634
2111
8402
6087
6112
9794
6733
2283
6033
3260
3092
7059
5354
9154
1925
2065
4253
9036
7083
9494
8945
736
7872
6568
6604
915
1223
1738
8419
7932
1520
9933
1383
7272
7079
1875
4981
8739
5414
5536
1529
2988
9440
1211
6141
6328
3767
5417
3475
1195
260
4337
5637
5459
892
6479
6623
2163
8428
9949
7518
3888
8855
492
6285
6026
627
9258
9829
7021
5696
9817
5880
2633
7468
1166
2002
6528
9104
6872
9318
9922
9724
5456
6053
29
1264
6198
9651
4316
9128
266
3379
8062
4965
4705
251
945
9549
3655
7624
7707
6844
9939
6070
1441
7724
1746
4691
1011
8877
8414
7701
7804
2074
2015
223
8258
7804
4942
3624
4377
9356
6308
5244
1846
1951
3100
7496
7090
7399
6272
5663
4469
4067
7573
5240
8015
4112
254
2157
9700
9948
575
4200
2280
2301
1024
3818
8017
3683
6411
763
8488
8220
6633
9090
7366
8525
1559
8581
1577
6262
1289
586
8336
6542
3858
750
3136
650
6573
670
9833
8000
5481
9270
2898
4996
6389
6895
5423
291
7052
3618
9849
5034
347
5038
240
7383
2313
976
8915
3168
4531
2122
9600
2159
68
5703
2858
5802
1880
1837
4008
7876
3511
75
1916
4163
1787
7302
5540
7765
8863
2563
9953
7004
937
9136
630
3662
7481
4632
6520
4521
6130
1271
8878
7518
6894
2014
2600
3057
3855
9081
3247
1204
2639
9306
8657
3400
9658
4691
9049
9897
3686
3802
8731
3833
6659
8567
2574
8286
5701
6454
2248
260
9733
89
800
1056
7220
9902
7975
3631
4924
9152
2121
4185
3705
838
3747
8983
1218
3098
9596
8701
3647
7728
5973
9837
1268
2399
7956
9985
2550
1409
6717
9281
28
9535
8016
5060
1682
6042
5896
8791
115
1969
4564
2812
8237
7004
343
2991
2807
1010
3867
935
1834
2697
4304
328
1207
2383
3507
1267
1984
8856
1169
52
6662
9775
2904
125
390
1166
6996
8829
548
7835
1042
9077
1685
7190
8097
1115
5636
4783
786
9505
2509
5902
3394
9291
5368
3838
6661
578
7421
6165
7845
9372
6769
9498
3296
8183
4499
6469
6833
9687
4611
8419
4729
6102
5450
87
2602
4495
3383
1275
3191
6100
5825
661
4428
7520
7976
9047
9278
2706
6379
8139
1376
3656
9550
5834
3709
3313
1571
7997
3984
4708
2917
6617
3397
451
4005
539
5207
1924
7415
7893
4003
6669
6091
2309
6532
1428
8976
3381
3460
4211
4863
698
8253
6646
2369
8597
4883
9141
997
9261
2079
9194
6308
333
5624
9000
7210
8519
5617
6004
1966
6422
93
1138
4912
1900
8756
7269
1478
2389
7953
3380
1440
469
4990
3644
3638
523
214
2685
250
583
8726
3222
6422
1400
4748
8723
1907
8413
2578
1929
5538
6176
6967
2287
6446
6718
6685
7371
6469
7078
9259
5070
4490
2870
8729
9987
9136
8576
6782
9560
3153
9085
7111
812
8960
277
4966
8122
6158
4806
4769
8312
9482
8508
1524
7601
6597
8481
9881
4453
7310
5652
8423
5554
9811
5785
3345
1178
279
883
5547
9978
1602
1466
9632
6958
5920
2379
6525
3267
7862
9814
3931
2469
7296
7823
5283
1178
5282
1611
1233
907
3914
9053
3022
226
6456
7106
198
6137
4443
6974
3965
2178
2387
9340
6245
1921
742
1550
8629
3886
8543
8156
316
2007
8117
6900
5841
5190
2134
8169
7466
7517
9391
7614
4775
2339
2657
9992
4629
2216
3112
9545
187
2013
3172
1948
9581
1662
4366
4221
2084
5609
7861
844
5084
2157
7054
3731
302
9790
8102
1318
9842
4173
5633
4401
7580
1787
3281
5845
6700
5843
3577
9446
7586
2284
5382
5056
1689
7597
5146
8462
6279
2490
2822
829
5263
2619
9688
9841
4622
6357
8191
5244
5159
6106
344
3447
7709
5849
8892
2042
9375
9422
9756
2837
5500
655
9767
3416
1038
5153
6109
9335
1432
7202
9954
6725
1213
3691
3321
4515
2982
2086
9266
8191
772
9072
2143
4667
4643
2778
2853
9755
5266
9714
3350
9865
2136
9987
8726
3523
8668
2808
9537
7418
3842
3066
8856
6332
3921
2879
4688
8261
2458
7182
2376
9050
1365
3571
740
4037
5329
1834
8015
9896
559
8453
2139
5884
8148
799
468
2333
7655
7947
9175
5583
926
2072
6869
3369
3323
4456
851
7000
1900
3625
5182
2028
8110
1151
5376
5849
4210
5781
445
4239
1594
9951
9615
5146
5508
7597
6369
2611
1417
4055
6108
1064
7369
2585
6605
6544
8664
7684
1215
5825
3272
8430
7230
8803
6794
4354
4542
1696
4765
4498
1834
5996
4163
1715
5625
2417
7721
3170
6030
488
5879
3549
3539
5614
6609
3106
5781
4926
6199
9204
2084
8921
4325
7912
3451
2808
201
3645
6339
1256
5643
74
4239
5139
5946
3411
5237
1998
2848
8155
43
2978
5551
694
4441
2901
7864
6256
1820
7539
6330
2941
266
6764
3795
7960
355
4106
3962
7597
4134
1994
2301
3750
5390
3315
5881
1318
3784
7153
7308
3604
1645
3698
912
5041
9871
9413
6925
3382
5998
4946
2809
8373
2959
3171
7092
5446
9726
1009
1914
1195
5062
7985
8239
7989
9306
3034
1662
281
1002
8432
8587
3045
4377
6366
5118
41
5988
2944
7273
6129
742
8271
5028
4337
4219
1871
5279
5835
3992
299
430
1783
7834
5035
9909
9678
3958
2359
1308
4859
803
2498
6030
4848
5700
9231
6071
3651
895
4824
6128
3442
2728
2873
1937
3450
2945
3305
4773
7266
3624
9326
9184
7059
7327
4051
3499
7389
1885
8033
5392
5617
3928
5426
3486
1710
6282
2522
218
3285
5415
4581
3033
8529
4824
8287
1320
1057
5707
4858
1286
7557
5927
8200
3084
7923
8667
7636
6451
6026
8154
546
1632
9832
3913
2937
5983
1989
4744
4876
758
1597
634
2068
3091
1741
1199
3361
8582
4452
9267
5604
300
6087
6614
31
6560
8811
2834
1058
9169
741
2018
2911
9462
3716
9723
8989
3855
8448
1151
4410
8785
8623
4749
8975
2086
120
7975
302
6856
7939
9466
9599
3737
1043
9013
724
6160
1970
9350
2100
6904
6236
277
1239
1720
3715
3987
4150
5715
5860
2996
7993
958
2139
4884
3722
7580
7162
8257
7116
7257
9338
4265
2283
2592
6888
147
4110
549
3138
5113
4546
6976
8103
448
5513
640
3035
4334
1712
4310
5935
2907
7991
3103
9338
9037
8220
9124
8253
8439
5158
2703
6604
7892
4283
6158
493
5106
8056
1756
9993
9049
6508
3669
8950
8673
2474
7085
2943
4140
5482
5065
1451
4777
8897
1330
8341
5799
1600
6195
7711
3120
2479
8475
7
263
6123
5541
3543
7750
6507
6753
93
5827
2162
8698
4176
8211
4016
2233
9092
268
8686
796
8400
3620
5461
4825
7450
16
6904
7547
748
4259
1105
55
4872
2568
9564
1131
4931
1979
1486
8955
9323
7195
7907
226
8423
4675
6585
4523
4624
4643
4764
5847
5360
3766
9375
7782
876
186
9965
8471
7667
628
9225
5556
1802
613
5736
9209
6351
3761
5114
7804
9543
1955
3025
35
779
6103
5691
8931
9652
8692
5740
8654
1024
3943
5528
4292
5172
7046
3638
1892
6861
8005
8135
6523
9002
9939
877
4586
3314
1583
9172
4223
4415
421
3197
960
1070
3911
4358
2384
5000
9642
4502
8003
506
5257
6037
5832
5629
7929
288
6350
2339
6863
5264
5619
8767
9168
2001
6747
1133
3496
9176
3870
3223
5417
2730
5880
3934
8808
4213
5121
7213
3855
6919
2639
4232
3445
4710
4661
4665
9255
7808
7850
3445
7140
187
8817
6597
1229
2773
4956
7232
6416
5658
1488
5617
2745
980
8994
4841
913
9665
5022
8757
2493
7012
4615
958
6511
4693
6719
6589
3280
2489
6623
459
3843
6804
224
4527
4247
5646
7272
4182
4080
5050
4135
1337
3792
4487
445
913
3607
4505
7531
4389
2470
1726
8925
8819
7256
1813
1752
299
1036
8681
2960
1796
7942
17
8735
930
6679
9605
2092
5853
2067
2231
2879
2770
4742
5481
8368
9772
6098
1642
4801
5333
7180
4859
6182
7341
8750
2569
3157
9264
9786
2785
6929
2368
779
4607
3510
2141
5568
358
8077
7203
8267
7534
3415
1896
7104
962
1875
6128
1298
531
9774
8758
5069
5687
5760
9353
9329
8710
4249
9789
3907
6181
7752
8422
5285
5374
5237
7785
723
7282
6791
5408
4716
2116
5679
1328
7329
25
1695
3745
4522
6547
4812
2762
1668
8405
2968
1661
1190
3915
6587
489
3677
1749
708
3057
720
4422
654
9949
529
3027
1294
403
5986
7696
7643
7605
8776
9197
2831
6316
3548
4682
5620
3734
2176
5148
834
7995
5029
3268
8759
1538
9411
4323
880
5911
3052
5092
5113
883
1173
3585
2145
7444
727
6600
4001
4765
3576
840
3215
6692
6562
7687
535
4192
5447
158
3626
6784
2966
7459
6646
730
6885
337
5528
362
9992
7417
2261
9232
3958
4836
8850
3471
840
581
1861
2638
6194
9365
4685
1303
8193
5146
3246
9167
590
7460
5282
2112
4983
6891
4255
2386
6729
1225
8443
7645
3576
629
786
7540
5131
7933
116
8508
9685
652
9021
9989
5823
5923
2274
8550
5896
9617
5123
6486
9642
9471
6840
2754
1510
8879
8326
7233
8318
8430
8833
774
771
4026
9191
4174
587
1837
2963
5373
405
7726
4835
9935
3301
7293
9577
5167
4181
1782
8257
7248
1803
7838
4244
3294
2671
7341
8674
6142
2414
2911
2757
8241
3832
3591
5047
1663
8707
2454
8582
2446
4870
9129
3729
605
2734
8552
3530
2625
9888
6757
5479
286
6413
3740
319
6181
8218
5359
2189
2708
9826
2325
4704
8429
4735
1149
1713
7478
9179
3731
9533
5453
136
183
3186
2525
2147
9922
7345
1918
3037
5352
8495
253
7987
3890
7542
8887
3341
4883
5123
3879
9036
9407
5622
7404
8919
8385
6911
8438
7043
5222
2261
8738
9437
5890
6963
326
9858
970
6032
2492
3504
5771
2330
2591
6393
7587
880
8516
2406
7217
3560
3065
7979
7553
7940
5801
1845
1515
7894
9021
6806
7469
2085
292
6155
6114
254
5167
3673
8841
8700
2979
8075
3882
6777
7621
4197
4031
2588
6307
2316
1006
4484
7206
3469
7334
7310
3784
1274
8734
6069
9837
4081
1295
6211
3588
498
638
6229
5546
7934
7828
7807
4446
1272
1634
7138
6831
4899
8747
2948
4450
493
201
7228
2760
5571
1346
5864
4937
9510
3839
406
5409
2705
1540
8552
6112
8069
8648
9056
5273
1968
323
7911
1494
2309
4068
1695
7274
5750
5283
6022
1336
3494
5225
4887
4592
9935
7926
2191
3643
4043
8551
3315
8908
5489
3520
1631
9305
734
9742
6904
8294
7202
2112
483
7741
2016
7682
6731
2158
9338
4734
9780
5765
9103
3442
6930
5485
184
4468
2944
5159
6960
2241
4760
3717
4778
3766
9892
5285
9432
4826
7186
873
209
9373
4670
5796
9866
3525
1394
9946
9570
7763
3240
6508
9423
9391
2205
583
3476
6511
2112
1949
1338
8910
2669
2385
990
7651
7961
8916
5510
9797
2981
5610
9265
8779
3614
4993
5792
6638
8420
3144
7858
7395
3847
1505
5261
3820
5753
5127
6440
1519
8786
3065
3897
5746
8623
1999
4215
9424
6511
6752
9840
4174
672
9665
740
6647
6574
7086
7595
198
4055
4208
6962
7750
8437
8188
9850
9648
7671
6039
3444
1228
7425
4752
5111
6216
1857
1423
7681
4458
2515
7880
8641
503
8875
3118
7102
431
3269
7230
9735
3743
808
1959
1279
5807
6784
8518
3447
4765
6303
437
26
7299
3063
6921
8300
63
2287
7039
3622
7102
8266
7615
9557
5522
3209
6269
5196
3909
7375
3183
5841
599
9296
8642
3221
3861
5360
9961
451
6786
9586
7225
4733
7913
1043
2814
3081
659
3480
8482
6056
4309
265
7274
3867
720
3805
1801
8682
4951
6694
8458
189
5106
5812
2367
4787
8621
1997
2228
3059
7385
9294
8515
7285
8049
441
650
2876
6540
6264
7832
2670
9053
9190
7963
9630
789
2739
1636
9744
6522
9733
6586
431
3568
1
7469
9564
6113
729
5204
4977
6611
181
2379
1859
765
9477
4686
2163
5136
1693
7393
9966
9437
1398
9729
4116
3008
8862
969
7634
8032
2025
6800
3223
3542
2608
4907
7602
9406
3489
5009
1311
1531
2262
3536
8595
5510
9476
7613
8007
3111
8535
5507
2741
4322
9554
2409
5925
7904
284
9141
7290
254
3910
4973
733
4918
3740
4827
9645
7340
3943
7401
9721
3284
7605
8925
4616
3653
7213
4684
6574
1930
8219
1816
7658
3595
3385
8901
5791
9194
9925
6760
5565
5248
2506
6293
9660
2956
3665
7711
6360
8439
9432
7190
8534
9806
2283
9404
5443
8585
5220
4483
8716
5342
8591
2359
369
1897
371
642
2247
1977
4275
2506
9946
1187
6899
8983
529
2609
5359
6368
256
5206
1940
7984
4169
4647
2967
5196
2785
4176
1522
172
3124
9001
8763
6602
4794
7905
6442
9619
6133
7787
5300
9244
9560
2352
8280
9957
6248
1195
2800
9041
9484
2380
4278
9675
9033
2815
144
5730
7833
5316
5765
8087
7872
1819
2962
7978
1903
2702
4217
7631
1484
9810
5858
3868
7243
2109
3245
3260
1077
7074
1936
9699
1147
1259
8690
881
9685
9441
7378
6052
998
6889
9708
1130
3712
1952
9053
8066
1525
7412
7464
235
7266
4292
7270
3784
730
3247
3042
8964
9995
9875
6919
5703
7695
9900
9009
1306
9668
2839
4468
9328
2378
2122
5046
9293
4445
2505
5679
4250
5591
6324
9289
6104
1215
5431
4701
3569
5551
5171
9363
8590
660
3118
3152
2970
5445
8080
9329
451
2888
6126
363
5353
4260
4879
1662
7431
6718
2356
9420
9150
8827
3573
7579
4481
6027
8365
8589
1145
6405
9792
905
1203
381
9151
2092
718
6805
9436
9319
2725
1063
4663
7099
4151
1877
8524
4692
483
4079
5123
8077
4405
9195
2213
721
6632
3205
6408
1003
549
2362
3615
1348
2166
3034
3900
5572
9807
1827
7289
5114
3614
7768
2356
1025
4935
5323
285
5377
6603
7981
5917
7469
995
5368
6990
9729
8785
2069
1913
2911
1734
1710
1966
8676
6096
217
4895
7717
5416
3913
6620
1289
4605
6794
2076
5315
8897
1836
2307
1111
4758
4128
493
2851
7313
1436
7622
258
9110
2735
6075
7305
3642
2351
750
2234
6335
2624
3431
3383
2061
3400
6029
5724
5829
9529
6914
6936
8519
6823
5394
4184
4850
3876
4711
6554
8434
4448
7783
8646
1701
5764
6089
881
4151
9381
7243
3131
5
3316
632
3386
6924
1710
2114
9404
8313
6518
1160
4490
7166
1844
7
8411
6868
9196
327
8862
4182
789
1326
5537
2460
3755
2741
9338
2022
9068
4517
2057
9062
9672
8818
3151
5182
1535
1227
55
7607
5312
4099
6351
6994
6690
1230
4293
8832
734
1372
4275
5179
3274
7780
5362
3450
8181
8728
2073
6312
6337
1493
6154
8105
8524
1496
8855
3081
4097
3640
5597
9024
8621
6598
8033
569
8056
8579
3227
793
8838
1737
2783
7085
6590
4321
2804
6636
5656
7777
4064
9024
187
9769
2116
7858
1419
9217
3137
5158
1813
5903
4872
6640
717
2360
8106
429
5049
2442
5880
7702
1705
1413
2846
4938
2076
7444
2379
2713
5183
420
7163
7422
9336
165
5467
4421
3093
4550
1962
1394
8739
6412
7079
5937
6049
8731
7737
8769
6654
5302
988
8241
7457
6003
7454
8184
6812
6995
6328
372
9289
6118
3960
335
1543
280
397
5785
1619
5194
4146
2127
8907
1263
6618
7193
8895
7223
3841
8207
7555
1826
2644
6398
3730
1980
7359
5681
5964
8626
5249
1892
2597
3505
4680
6650
1805
3737
3078
2451
9028
8437
4678
6076
9561
4878
6763
4212
9266
7906
3077
2761
6975
6072
4156
4692
3989
8233
3424
4167
1524
8537
8537
4509
5002
6142
9824
5334
9710
4943
2104
5513
3339
8694
2726
7182
5719
8277
20
564
8671
8766
529
8906
8671
8647
252
6911
5723
4983
8473
1938
3816
119
340
4080
5725
3913
2949
3562
7914
5245
5784
1198
9937
226
5817
2077
3644
8494
2152
1044
5516
3008
7499
2957
8768
2250
2782
4132
7443
4225
9669
8700
8190
4727
1711
4217
5701
8993
1209
5148
4381
6112
736
5723
7293
1992
9182
7173
1772
4781
1748
4740
6086
4474
9605
7588
6673
2060
3970
5141
1571
4166
3357
2603
3324
9736
2259
42
7542
4353
6030
4023
6341
8884
8739
3769
3679
7738
8539
3852
7061
8074
8798
1747
9678
3805
1203
6971
9817
9360
763
9928
4853
4084
8052
7124
6062
5464
930
8854
4121
6728
2625
7940
7108
2210
1324
6108
2348
1321
1943
826
5331
2305
1656
4246
4839
9597
1659
1628
9846
6701
7422
6704
6466
8622
5850
8928
233
9986
5208
9102
2917
3987
2493
2061
2569
8843
2115
8305
4718
5656
4913
2279
9355
6445
1939
4883
6912
957
5141
3853
7605
6633
1967
839
2462
2811
2607
3572
7207
5319
915
2860
783
1069
629
3988
9159
5263
6181
3969
1114
1527
3575
9703
1798
2560
6324
2027
7596
690
2593
9847
7205
3133
1652
8531
5214
9493
1151
7149
3815
6380
466
2478
2007
4529
3017
8637
8098
5521
4532
641
113
8973
437
2714
7006
2270
741
6851
6016
8800
1076
493
4700
7561
1554
8491
8693
9296
9421
5587
2258
7113
5069
6162
9811
143
2511
574
5177
9171
6986
6590
8042
6978
443
8901
394
5570
2170
2026
1260
2018
9229
7766
4600
3364
9780
9142
8747
7676
1005
4686
8480
631
9739
7766
7181
1945
3528
9962
1472
5456
8413
3457
2790
752
2761
1889
8398
707
5894
3033
5089
9536
7182
4243
7154
6378
885
2131
2043
1378
8797
2292
7816
2594
7406
8929
9912
7349
4325
6768
9073
4138
6809
9760
2469
9326
8204
8466
5519
2261
7000
3389
4212
9906
7658
7513
8748
5277
6462
8017
9644
4040
8694
2907
7493
7980
3566
4513
1169
7720
3169
6440
4318
2509
1481
2159
5918
9697
9064
2469
5073
1084
3341
3928
8049
5626
4309
3641
5850
3763
6611
9277
7613
9226
6408
4505
1249
6626
7785
2829
4159
5132
3847
9250
1671
7297
4015
1699
7271
4682
5175
4011
6451
8082
8653
889
7210
7310
6
812
3151
9113
514
4281
2407
3717
2146
1178
5012
4582
212
1742
4267
1876
5662
3613
139
9791
5443
7048
1273
1266
5570
2425
1207
1694
7483
952
4610
6516
5246
8010
8909
8293
2899
6564
8423
6481
9156
8990
310
5737
7860
1783
9913
445
366
8235
6637
1103
1721
4671
6839
801
8523
7924
326
3252
6616
3320
6355
8988
6019
5209
5185
3321
9550
5050
8802
3292
7200
3694
8477
3127
5472
1526
2102
9798
8395
4807
5350
9499
5822
9046
8977
3980
4855
676
3546
3110
4036
9891
7947
4797
3156
8306
9587
641
2499
3084
8207
6069
411
3817
2870
753
3142
7211
4097
226
5087
4745
4508
603
7724
2171
1852
6400
4043
1665
6366
4578
3648
2516
3176
1284
8791
2215
3785
8499
8573
820
7919
3139
742
8840
7357
5407
2678
299
9562
134
6718
4283
2521
755
40
8521
7461
1376
5068
5932
4967
4959
4615
163
1801
693
1866
2158
1460
7262
5676
5899
3849
936
9115
2597
25
7152
8495
1251
9520
5156
4126
2051
124
6876
6604
9388
3533
4739
7684
5245
4372
2705
5019
2922
3229
3042
6010
9911
5234
7690
3313
1362
3284
8953
5536
3296
6481
2319
8397
345
2069
7380
2914
3160
4150
3351
8073
3266
1299
5465
1593
2392
6516
6337
7759
3639
5416
6135
1711
942
6281
180
7073
2964
5367
2085
901
5449
9107
9431
6066
5520
9105
7428
8480
3050
3108
7097
8176
2478
6949
2363
2526
2804
3376
907
1807
1345
1944
268
5472
9474
5506
9987
8216
6467
4067
6475
3752
2687
9800
8780
2790
9138
9545
4360
3643
6144
8444
3056
8162
1590
2610
4126
9299
9673
6449
1937
5238
2158
9108
5562
9542
773
7208
3069
6081
5106
5015
3391
2638
6539
4633
9295
8274
2768
8794
5547
6480
7870
3494
8386
3378
1634
9212
661
9382
9445
3467
9837
6242
1369
1942
457
3009
5244
1588
418
2216
7257
477
842
5101
1822
6108
9704
9925
6172
8662
4334
4672
6500
115
3302
2512
8700
8773
9371
9527
8091
1533
1003
725
4492
2421
2063
5601
1248
4723
3993
603
8606
8164
2643
920
176
2869
2743
2116
6940
8738
5626
1978
7319
90
6564
5105
3396
9530
7457
3503
2329
7317
9450
8687
4226
7698
7026
2922
7254
3259
2698
7371
7479
8370
2111
8634
2552
9435
1361
7033
6302
8631
2723
7545
3333
9421
2412
4244
7653
693
2831
1645
9099
2653
9935
9696
545
9347
9374
4222
8915
633
3415
3959
3436
4197
3771
1527
1603
2177
4434
1446
3472
6178
5750
8587
879
9209
1487
7652
1318
1798
3914
5293
9729
871
3895
4857
9157
6675
8740
9715
2143
9516
3136
2026
903
2306
6943
5687
381
5689
7837
1422
5530
1148
7800
320
6847
6309
926
5907
3748
4021
8966
7712
1032
2922
9447
9623
267
3360
9559
2580
5999
1533
7723
6277
4109
8753
3009
7619
9938
9974
9051
2123
4820
1806
8717
2509
2165
102
486
3350
5461
8635
4752
9653
500
6577
3472
4885
2972
5499
1515
6370
3722
2359
7523
5077
1814
9058
1057
6734
3803
7328
5841
6583
5561
2809
629
753
288
3876
468
7238
9147
6872
4840
4274
8893
742
4404
1402
7406
8539
9095
9790
6639
6690
3538
1125
8319
2194
751
7223
9035
1316
4628
9994
624
1365
7922
8507
3334
5083
6584
4011
787
5962
8899
2525
9516
8322
6747
1321
8231
2717
2308
6642
746
6541
5329
8805
6521
2398
6832
1122
7439
9183
9475
9142
5673
3313
2566
9933
7610
9315
1809
8712
4241
2610
3199
9462
6764
2175
553
6877
1863
5209
2672
944
1916
2509
5025
222
7040
3762
7261
5230
1366
7073
8433
388
3068
9627
82
6743
8132
4600
6971
6070
5842
5894
5204
1647
6497
3805
2089
4234
4929
4839
9841
9945
2859
366
637
9336
1665
5116
564
4803
7450
1558
561
2279
8587
9268
9625
7647
4456
9433
2799
7768
9611
7520
9249
9339
6943
6825
937
1740
2050
8629
1911
70
4848
472
9425
7228
9570
8556
1031
7576
4841
6241
3361
4736
443
6809
5567
2580
2463
9023
6169
9900
8552
7275
8323
3241
171
5005
8487
2777
883
6573
6820
1201
2439
7671
392
5525
6856
2391
7257
6913
8503
4577
132
786
2201
7182
136
2812
931
4134
5144
9054
5263
411
2035
7993
8653
9627
9152
2416
7249
9005
6584
9615
6575
902
5166
9752
1036
8413
1962
1440
4769
5100
4149
5478
841
7538
3209
1140
1731
928
4031
605
7909
4097
9994
9111
5902
5134
1855
7584
7524
2044
5197
2386
6928
2583
6610
6017
2800
4659
9996
8638
9329
4742
7478
8200
6558
4147
1504
7860
5531
13
3718
6629
5557
2489
2193
9771
659
9360
9526
6940
9742
5909
9797
8841
6384
1420
427
7508
4717
9156
8166
741
2094
6083
1330
9222
3271
1978
4204
2692
2156
9334
1689
8539
8596
8796
4159
2706
6719
5120
3809
6623
8057
725
8247
4035
2428
7925
5381
3643
1019
2071
7856
7869
8131
18
8433
7943
9209
8099
5544
5482
5514
752
9518
3641
3580
299
5344
9484
2195
5317
2009
5732
4005
4202
1890
2951
7237
1455
2177
2828
4860
542
1180
7016
4192
2962
1302
7643
7065
8287
4145
2576
1832
4617
5731
3021
302
5289
6632
4832
5321
5843
1924
2101
6294
2113
1807
5238
5230
6859
4508
2649
195
1055
6971
6870
9794
640
7886
7799
8528
2334
6815
2555
9366
1561
4583
4479
6769
9674
3338
4265
2011
3864
7808
1848
557
949
4218
2044
3014
7434
9206
6371
4168
759
2167
333
1165
1549
4704
5730
7541
1945
7563
1263
5459
3573
2612
5065
5954
1502
6693
1128
8717
2022
9048
9251
3990
6612
3338
5532
6331
1136
1415
4422
4165
9674
3065
4195
6815
2652
5386
9643
8602
2933
8619
9948
7282
2749
6395
5388
5464
2578
91
2383
5844
6073
4668
4318
5663
8360
2944
7891
9566
8796
1743
8460
4965
71
1018
40
5160
6372
3735
6341
3101
2439
7356
529
2046
933
9694
599
2433
277
6060
4986
6697
6332
6186
6344
5134
5010
1276
3136
8230
7768
5490
2579
6568
4457
7549
6868
1465
2287
4559
6226
1598
2235
7106
4063
5758
724
2898
7342
8003
7745
9229
7136
2347
5164
5582
4679
5859
5098
8129
1554
2186
8864
2768
9628
2448
800
1148
5953
6944
4822
2399
3830
2287
3219
311
2078
4569
8355
4499
1825
5820
2487
8704
5394
8960
1294
756
9893
6795
4101
9595
2170
5247
3314
7980
7563
1634
8950
9297
9862
5249
3364
9416
2970
6357
1306
7004
3572
4330
3731
2855
3410
7751
4059
434
8106
6661
8896
9894
8643
4209
7202
1629
1179
7741
7648
1190
8248
4899
8815
8560
6201
7478
2419
3983
9375
8453
4364
8724
7296
326
7958
6612
2967
8429
5203
2405
1332
9002
6698
3646
9949
7073
9737
1350
6459
6085
9270
1635
8020
6609
7455
1156
3743
975
5861
601
7356
8209
668
2994
3107
7750
6093
6284
9207
351
962
8690
195
2259
8972
5440
1370
2815
8307
6954
3668
6486
7221
2512
428
2481
581
6647
1610
3387
9787
9398
8787
8041
1575
2956
6419
3253
4101
6079
233
2279
2757
8375
2236
992
6116
7595
4296
974
8736
3667
2886
9486
6256
6703
1522
9772
416
1246
9139
4744
4974
2416
5126
6690
4793
7777
8837
1256
4729
8176
7470
1430
5166
5436
8807
7270
6252
5897
8539
7100
5842
9019
5188
964
3698
2448
504
7689
6643
4395
1964
6007
9568
7442
6936
7680
5988
4259
5518
8103
1401
4942
1234
4073
4356
9840
3924
3480
3600
7203
4964
5121
7393
5969
1758
7800
9292
9694
7694
197
5959
8134
7015
6617
9686
2021
1298
9337
2988
3699
4643
7940
4113
6390
214
9628
428
4687
7800
3233
5699
3180
1885
7947
1298
4663
5353
9465
4306
5624
1153
8213
6865
5320
5102
7000
574
8276
9264
7267
1123
3728
7709
2918
1712
6384
6395
2784
9070
7592
4329
6841
2137
9040
302
1759
7132
158
3716
1227
3523
5521
137
9219
9542
4918
25
1014
931
9118
8817
3072
9384
6948
3831
6363
284
9428
9086
5749
3821
8822
212
264
127
3834
4005
4718
648
1236
4600
9129
9125
802
3202
1117
8175
2201
1291
9337
60
4979
1090
4837
2505
7587
5853
9044
7412
7965
8741
420
6728
2141
6148
8534
8377
71
5352
2251
6102
5328
8664
1864
5993
1250
8441
81
1590
1075
2861
4627
413
9298
6300
837
6875
5022
1519
8587
9567
6235
7426
8248
3693
9335
9116
6710
3561
653
2228
6503
8738
44
6376
9997
6605
7322
4268
3324
8460
8850
2816
8691
7471
3918
1315
1796
1316
9422
2928
4690
6190
6942
2730
9223
2654
288
2463
9049
8872
1745
6025
2062
3742
9721
6455
5021
2637
5400
2410
8947
4306
8136
6318
5484
3467
4949
5344
270
360
6929
4283
2825
6127
898
2856
5330
2900
8368
9548
7103
2716
9986
2450
2491
6151
6909
7392
8885
5635
4276
5742
5828
4629
9770
1729
3501
1273
8293
3244
3825
2246
6531
595
3267
7093
2585
7093
9964
2324
9972
830
694
7523
9413
3549
6089
6854
5588
424
2646
509
2101
1959
2592
9444
302
41
2306
2734
9552
8108
4808
7524
9674
6620
1749
6191
2828
559
2633
9156
9108
9193
296
4983
8007
9344
9942
8590
2219
8759
440
7361
3873
1039
3423
470
2207
7667
8836
8548
1415
3176
2753
241
3361
8944
1294
7382
9357
5686
4508
6442
671
4547
420
756
3654
7929
2725
9400
6504
2951
3613
7607
6503
9604
3266
5070
6530
7197
810
2377
420
5218
4905
2344
8929
8554
1806
1558
5853
9905
6018
6411
4116
484
3017
1694
726
8980
9529
4444
8501
5746
1619
7780
8779
9906
3830
2457
5586
1867
7648
5865
9479
6126
8811
9507
8394
7620
2051
2061
7993
4536
6087
8051
5739
2156
3896
3995
2348
9853
6346
5346
5798
6036
5032
3261
3440
9526
4971
7249
3818
3537
2733
1030
2138
6069
8838
5966
9058
6414
3156
7905
3904
3913
4788
361
5721
1754
9957
8292
5885
3021
4880
2321
3515
8093
8693
7770
3223
8327
8593
4325
1896
5747
35
5550
9565
6220
6349
8650
2349
4580
9604
5591
9791
6129
5671
5604
2205
5001
81
763
2406
6613
6794
8874
1652
7578
1329
4645
1388
8291
2153
2000
7823
8487
6675
4053
9710
26
6009
765
2064
3406
2853
4028
2037
5705
153
6162
8716
9621
1636
1524
3351
9367
8231
1183
2431
3677
1883
9728
6316
7093
7963
9562
6473
7686
1309
4062
2785
6952
8184
3622
8297
2442
7883
8162
9287
9270
3232
6164
3367
7201
8985
7004
4011
9946
7782
5358
4729
4293
933
9490
7382
491
8057
5909
8780
7534
5163
9348
444
9814
5484
3938
1237
9041
8093
7587
5368
5152
4187
2744
3266
1304
8257
1227
6697
2845
7252
5136
191
1764
7760
1255
4110
3510
2705
2141
6132
7993
8060
4572
8501
5777
2432
5979
7796
3885
3231
8683
9594
5939
6058
8698
2335
2805
5001
2539
2626
3104
9535
7657
3454
6794
8587
7795
1891
6102
9054
9880
7881
3416
638
1441
3432
638
4193
8113
7814
89
4537
4473
2628
6039
1360
7322
1049
1892
5214
686
9869
5878
7036
2868
2696
3369
9343
1155
4241
2840
4084
8264
7857
2904
4247
978
1208
3575
1465
4727
6530
6955
2272
2848
4180
2190
9141
1682
8765
4377
5385
2830
4465
9541
1526
2147
540
1994
8615
2202
1151
4502
998
3143
4890
9264
8957
4072
64
6691
3996
9943
7654
2683
6386
9836
1051
137
1898
7136
5277
4299
8443
9126
3285
2097
7143
1426
3564
9542
8666
7813
5569
3351
7555
2421
8119
5786
9006
7005
3792
8931
7155
3753
3974
3782
7877
3550
7230
6825
250
7550
9068
1174
3778
7742
5440
6927
8992
8923
8170
2491
624
4769
4610
2053
6974
3713
9451
8449
9176
3507
569
561
6665
2453
5646
9938
5261
4653
5659
464
1668
2287
3889
7245
3741
5084
7028
9875
2328
2238
9193
6250
8508
5795
9185
5260
1775
7939
836
7711
4290
6306
5673
7434
4339
4731
1873
1440
9336
8046
8755
6594
5297
1912
9958
3755
6654
9432
4842
2081
5038
9964
5999
8502
4664
7002
985
4859
9471
538
4248
8598
9605
2621
883
1285
9620
5561
4086
6382
3774
7433
9777
2016
1535
3960
8715
1511
8208
8680
8726
3690
1886
4229
4965
328
41
2994
5963
8354
4786
8683
5713
5395
5261
4264
1688
5115
1944
5553
6874
3280
6236
9067
9609
7990
3217
464
7702
1957
4995
7753
1216
6674
8486
85
1372
3240
1933
8039
9020
942
3613
8188
355
8810
6063
4887
3780
2169
2235
6912
6630
649
158
7214
8286
1396
6983
4808
5074
4869
1391
961
4564
2629
1613
8852
232
1418
3084
7750
7939
8754
8892
1907
1242
4633
335
3176
5214
561
5076
8737
2301
6672
8844
9358
2456
9430
7929
9255
3837
7431
8486
4446
1206
4082
247
2080
5654
4708
8525
3941
9762
9950
7522
2908
9419
1891
57
5791
3604
6348
9717
4453
3949
3769
8984
2873
7652
4147
1195
9779
1688
8890
6309
6043
9507
9585
398
6900
5914
3128
8421
9695
6769
4613
688
5596
2273
628
5165
2261
8295
5424
2008
4573
3874
2262
2649
7659
3053
3137
8707
9527
3249
6038
9482
4764
9247
8184
5883
4706
3549
1529
3959
9447
5850
6710
588
7670
1918
194
7171
3676
396
924
2925
920
240
2289
3095
3895
8210
5492
9096
1281
850
3413
8070
6781
3862
3524
6706
1104
1755
6190
5263
1658
305
6263
3891
3627
8446
6008
9315
7967
8092
956
4996
6732
3076
9059
9193
2880
3450
2541
7122
7580
8248
5263
9544
611
4148
2555
9507
8684
967
4636
5446
4462
5052
7869
2851
3403
5800
8558
7753
9831
9126
4226
2011
2632
2133
1279
7079
1418
8893
2696
4631
3316
363
5474
9058
8986
2071
279
9549
1751
1407
5121
1918
1721
6593
9034
7763
6451
9487
8855
892
2773
1483
7946
5022
5868
4021
1671
3915
8484
2309
94
6247
560
4942
8697
1775
8834
1105
5477
9207
4175
4589
6968
911
2570
6111
7404
5650
1875
6329
1667
6182
3048
2172
6312
2046
8760
4044
3673
4334
8641
854
498
8869
6972
842
6388
8987
4712
7400
9884
1170
8999
4365
1697
775
2360
6791
8032
4777
9778
3908
9164
7483
3595
6781
711
5232
8230
8062
1505
9575
2625
4433
6606
4813
8611
3679
7911
4113
5677
541
3035
8440
7036
8678
5621
4626
8570
1835
2416
5716
5421
8245
9327
7296
6530
6288
7733
4054
7634
1427
1104
9568
5562
1095
1763
9801
6684
3416
8262
4403
6716
8534
5988
1807
3937
4030
6260
4651
5365
4558
6445
1604
2137
6722
4899
6790
138
8257
1802
1125
4726
4764
518
1781
2210
2574
689
3472
5412
3036
6648
4893
8301
3264
7475
8878
7674
4690
2521
4881
6598
2700
4781
1360
2870
1913
9662
2937
6702
7455
6738
2296
514
3320
7048
7123
3094
34
9131
9730
5888
9317
1996
5653
1320
5312
3386
6812
9718
3058
1724
8541
4877
8363
2997
8398
8877
6065
4079
5238
6244
4139
3075
1540
7394
3661
5535
8382
3049
6998
7031
1244
2677
5295
9294
8286
4880
6584
5039
9070
1369
4321
7632
3934
8684
6632
5777
8558
4384
8210
8218
3542
8020
7848
6968
1167
307
8917
679
3532
2822
4021
8416
4766
1787
3890
2421
6742
6973
9584
1454
8511
7915
8881
3012
8045
4945
2220
4067
8545
4236
9498
1695
3443
9301
3162
437
2148
6292
3177
5556
9843
9270
5973
6242
3968
594
1017
4202
2052
6430
5872
6349
3385
5625
9666
3394
3376
8228
6973
176
6675
7538
5304
450
9767
4731
7966
2359
6531
8655
6308
6078
5062
5057
3710
5130
4393
4590
9490
3134
7642
5861
6045
6201
2997
9065
9299
6416
7413
4900
2301
6790
6179
191
2459
282
5232
9695
6571
5272
840
983
3444
4312
8927
1842
5107
4800
4276
6484
2228
3029
1339
8832
4890
6399
3998
8724
7409
8771
1108
989
8986
5187
8486
2986
8142
9342
5529
5210
6229
8257
6336
9082
834
8861
7188
7713
8857
6831
4560
7165
189
5249
1780
4775
6232
6109
1700
891
139
9295
9270
6891
9104
6265
3463
4244
8915
3563
5813
8769
2309
8138
1280
5218
2748
3894
4998
4594
5114
5616
134
3373
9340
3813
5760
3117
5344
7614
9195
1161
880
4949
1947
5721
6282
2543
4263
5055
7293
7468
3618
4962
9799
3427
1630
1895
6464
5172
7796
9972
3680
9727
2425
7019
1523
2306
1066
5776
5275
468
5944
9500
2998
6270
4349
7328
9553
590
4183
6394
8086
428
7599
5621
2278
1062
1510
686
7040
8143
4786
5145
6851
1039
1199
5384
6629
707
402
3986
6898
9661
6124
7928
2832
5253
110
3755
6382
2105
9137
9012
4487
1135
819
6145
836
4636
8667
4488
4164
2271
7100
2569
7873
567
5584
2514
1226
4272
434
4605
2640
2800
6204
5017
8984
4027
6189
9120
9407
5229
6522
8146
8054
5308
9245
3615
2825
1168
8806
2220
9582
1683
8098
2063
1029
9052
897
7630
1388
5002
391
5660
3200
6378
6983
8262
3862
5159
368
4786
2334
7657
6691
7987
7732
3572
6234
8727
5960
921
7068
9991
7989
3032
5078
6689
9485
6359
478
5958
3314
8638
4655
3905
5994
1886
6750
8134
6530
905
8813
8585
5983
4806
3218
3407
2931
4352
1652
6440
7095
431
4031
9562
8519
3589
5229
8483
8263
3170
2216
7732
3870
3521
8866
3992
6834
5097
8761
2530
6095
2700
9867
410
2347
4583
1371
1569
28
8496
4444
2255
6758
5553
9533
6135
4154
9118
3645
3368
493
1151
1289
8107
9157
7955
4307
3551
3474
4462
3268
1750
1256
3137
2637
172
3961
7420
2477
1323
1709
6824
3168
1433
4047
2937
5834
2530
2671
4039
7903
8717
2669
1690
6387
8341
7135
4773
7440
461
6599
8584
8632
8740
8340
8746
8819
3891
5619
2554
354
8934
3129
2360
7372
278
59
4273
2451
6929
9171
9887
8929
6466
1561
272
3811
3782
9413
725
5006
15
4943
8172
4136
5728
8777
8804
8970
2570
7434
997
3141
2254
2100
1806
1939
7125
6535
7712
6306
3393
4203
7746
4953
9648
9613
1674
7818
1518
8214
9342
878
2437
1394
353
3116
4950
5884
828
4294
8685
1140
3306
9138
8694
257
4533
6397
1849
3185
1112
6069
4672
5449
5005
1594
6767
4198
1864
8132
8437
5821
4200
1624
2653
434
2128
8284
3184
5537
2521
3883
5235
3022
5400
9966
7017
8398
6213
9653
9222
2700
5710
8874
8172
7829
5049
6808
7622
3494
5169
4983
6841
8577
222
536
1511
7555
5691
8725
2175
6939
2894
1946
6370
570
4203
3831
853
629
7582
6386
7163
7372
6542
9073
5887
4462
6424
5522
4021
304
9375
41
2337
1146
8214
6345
829
4719
2198
2662
9025
2730
4929
6366
9603
1595
2174
1405
2264
4411
1262
7632
3127
3401
2928
3040
5497
9451
3332
6758
6825
2138
8021
8790
4071
3912
732
5215
8162
5471
1094
1521
9098
2578
4873
2827
293
7410
302
543
9855
2894
3543
9532
9489
192
5551
3356
874
677
8022
6722
8220
2504
3501
5722
6584
3658
3527
7929
6771
9038
9890
8992
1930
2986
9814
1750
8750
7388
4639
6206
1381
8334
344
2347
2384
4983
85
204
1209
2078
7887
7691
2679
6930
141
9367
9836
2368
6505
2561
7387
7647
9064
6608
2319
4852
8819
114
4139
2652
73
6386
3384
8683
870
9648
273
336
9653
1593
4320
5392
3146
7258
961
6185
189
1013
1094
3303
5835
8934
4262
8240
7790
8648
2412
4733
296
9990
966
8230
6261
3225
9310
8675
8987
3540
8889
5666
5694
7714
1885
2199
5492
8853
5366
3400
6088
614
9052
9505
208
8846
2761
1365
8701
7048
3719
3762
143
7071
6401
7498
5137
8066
8809
6548
8704
7260
4209
3329
5980
3112
2205
206
9540
9030
768
7070
8471
3555
1578
2113
8294
4280
9905
2956
3287
1475
3437
6461
340
7167
1608
9853
577
5941
9619
8403
8463
1527
3110
1490
5039
5318
886
2176
6174
1317
2499
9880
6139
5500
9295
878
2661
9218
9623
4986
3021
9057
8170
7083
2207
943
7718
8365
3265
8328
5851
4912
6777
442
5177
4005
9102
6543
4988
7051
5754
5474
1757
3132
623
8397
679
5015
316
7443
171
7617
3863
504
6175
9233
2631
6905
8498
4236
8416
6090
1359
6177
479
1390
866
6114
3794
9696
708
9908
5410
6490
9997
1146
798
2871
8575
7175
9265
7769
8076
9521
4289
8221
1569
9879
8951
771
2915
8101
6002
811
1751
1022
2505
2204
7812
1017
1212
6272
4901
8226
5117
7538
6387
6647
3277
8525
1422
6588
7979
8848
1017
3396
5589
4680
9924
4185
855
7209
1749
5554
7517
576
7060
5404
7379
5794
837
3459
7434
9894
8243
1676
2878
330
4689
9413
2842
8680
6904
1943
1510
9736
6148
4315
7167
794
8817
1287
4746
3013
466
6840
9277
7054
909
7706
6288
2757
5886
9655
2735
5197
3104
2050
1504
7177
3775
5897
8687
3494
2725
3388
6793
592
3143
7751
690
3859
7335
5353
6034
9458
4445
8213
3757
9804
9405
1338
1055
1868
2835
5725
744
2355
739
9210
9013
34
7272
1524
9554
3754
6065
9731
1329
3087
5007
810
4574
8412
6819
2506
8261
433
735
3877
2455
6627
2602
1563
3964
2063
1361
9760
7987
1767
6682
9456
21
4997
2526
8098
7793
4170
7687
9201
9050
8400
8630
8653
2374
6601
6211
936
7571
8258
3034
4755
8884
6069
242
3737
5041
1238
1245
674
4864
2312
6238
5660
8341
3129
3469
2142
2165
8957
8303
6643
9337
9277
2397
3763
3135
3149
1735
1269
1291
4842
4559
7448
182
4712
6660
8683
5804
1035
2934
4075
6391
943
9493
1722
1252
5744
6586
6137
7328
2822
3537
8776
2526
2106
2509
5092
9615
8360
7052
6204
9297
1759
5996
6500
2177
9206
7511
1423
297
2753
4564
9312
8488
8086
2308
3509
3228
2536
9639
9121
395
8623
7055
3148
3631
1458
4709
6802
2107
7295
4968
426
1965
3564
9477
4943
9834
7095
4808
2920
9663
2971
905
2226
6677
2086
1403
7774
63
6299
3814
9949
2973
6479
66
3335
7316
3849
8482
620
9745
6317
7539
5536
1068
3039
5297
8915
6325
6863
3722
500
4934
5760
2201
5487
4251
9469
4160
8394
711
6907
6801
2773
5863
1214
9450
4578
2628
5551
4168
5414
5513
5068
3727
3205
2978
9483
3530
1961
365
8027
6427
5282
8168
3467
7394
7071
9317
9809
9471
5765
2582
4143
9934
9144
2545
8563
9539
1178
4116
8255
4709
6568
7113
2519
9280
4805
9340
517
7380
787
1916
2152
7251
3509
4020
4535
5866
5016
4322
3435
3486
8419
1693
2774
6377
4988
1401
9922
5466
2845
7918
9562
7557
4975
2537
9288
4193
7576
8612
5671
174
124
3580
2837
1132
748
8282
1258
8355
2719
3406
5022
1068
8931
9094
6127
6432
6304
4093
7598
4824
9402
3142
1073
5569
9873
2553
5597
6775
6634
2574
2235
4859
9988
7415
2611
4048
6846
1831
4335
7035
4777
8941
6748
4329
9912
112
4597
5041
4927
1938
153
5367
9347
6596
6554
193
3379
2618
1405
2752
7566
346
9115
7227
8900
3127
8422
612
9088
357
9107
3202
2352
111
4474
5780
7709
7613
7148
8437
8889
6759
1610
8149
2942
9181
1366
2383
8919
1447
1162
610
3702
4391
7741
5760
988
8286
7771
3060
8131
5268
9884
3113
4935
5387
6664
571
305
8108
6041
9558
2205
2452
5330
8616
9919
8554
7979
7740
5876
9952
5998
8219
8931
4838
3348
2888
1301
7971
6843
3069
5878
7507
9702
6319
5686
8635
1528
3415
9584
7404
4702
7229
3487
880
8371
6794
4447
5827
5428
3128
1779
6733
9538
1455
7267
6732
9733
7871
5917
5358
3146
8155
2088
4659
4975
7820
6911
239
8450
2301
9890
9494
5429
3983
9673
9375
5925
7459
9168
6704
6537
3446
1262
2723
4932
208
7029
3703
1060
6792
5004
9279
5860
5011
4043
7361
4041
9356
7387
4583
3771
4325
751
811
2833
3609
2508
8007
7746
2191
5717
5165
6352
3878
3713
1663
3805
3309
9407
2924
5998
1097
9817
3524
4177
1727
8522
3877
5411
6645
391
5820
8178
2260
4131
1553
7796
9146
7492
2058
3220
7380
9200
1910
8316
8721
2590
3850
4391
7112
5781
2006
6193
1451
1486
106
3766
9448
4911
9499
1018
8933
138
8644
9131
3153
5898
6344
1866
2511
9504
6591
7040
9831
9285
6727
8374
8508
7051
848
7915
3881
4298
3345
7313
1431
1417
8586
4945
446
7311
3177
1078
6772
44
6786
3121
1783
1516
7390
8366
3688
5894
1970
6136
3163
7358
3310
2838
4360
6004
9797
9612
7197
2522
4727
7694
4877
7458
8435
5204
8255
1752
2953
179
4633
4503
8507
6568
4530
4350
4055
9229
6522
7940
7554
4807
5693
575
3257
5690
8761
356
393
9077
564
6195
9868
1124
8981
7479
7982
5729
674
4775
8200
3872
5704
9508
2290
8018
4818
9313
5089
6477
3072
8360
5096
2362
3643
6854
5051
5043
2142
2908
4464
3528
33
1860
5922
6598
9121
7946
4010
4373
6697
130
202
9621
7064
89
3412
7970
8375
5586
7845
4703
2254
7728
9577
2297
2418
8548
3296
4291
5448
4302
2419
6774
4214
2462
3313
3443
9405
3391
7139
1616
3628
7147
8193
1144
2873
7535
9492
6231
8985
5949
6920
1600
8583
3444
4154
3846
8417
9977
4063
8497
357
3468
1532
781
3799
4380
8639
5859
7883
3256
1579
9934
3033
5753
5382
4077
6890
9639
1843
5718
4051
5409
3340
1442
3882
3862
460
6205
7253
2790
6298
3139
8195
6946
3025
4513
8905
2755
9982
4785
1952
9031
8927
8807
819
2193
7150
5891
8219
8313
4289
1014
9890
1506
4293
3064
1086
7287
3641
8621
1423
1196
6400
6574
1272
1965
1224
4207
1589
6388
9578
9364
3269
2837
6218
174
3279
8697
909
3826
5542
3541
4204
443
8656
8866
1839
1304
6344
7696
3893
3796
9626
4499
3405
6799
2127
5158
7444
6478
4561
2971
675
5684
6997
6374
9178
4173
9594
8426
8876
8348
1153
557
7275
7414
2980
2703
5438
2324
5924
5390
5861
6618
9104
7192
2078
4315
4699
8314
9824
8924
7128
4431
5799
2525
9866
4396
6848
6324
3512
699
2014
1055
6353
6574
249
6772
994
9241
9277
6131
4970
6038
1449
9420
4861
7417
8899
4458
5440
5301
9002
4066
4477
2017
51
1461
2827
2379
156
5224
1234
3897
8716
6696
9440
8674
6818
7810
6903
1738
8865
996
2558
8685
1656
9123
7384
440
7667
9587
1573
959
1822
3987
5554
7960
7922
114
6509
5978
5054
2856
2186
8055
5349
2334
7211
8261
5065
4700
9509
2392
1967
891
936
9144
2520
6840
5250
6458
4647
6632
7923
4735
6017
3229
8863
9201
2423
7704
3802
9819
9131
7658
8742
8231
8382
6522
9815
8335
398
3852
1854
2310
3962
78
644
4856
1133
4261
8059
6715
6927
3125
7170
121
8813
9021
3646
7744
5096
5906
7358
2016
694
2130
9981
2836
3852
4066
7444
3544
8496
6298
4788
4910
9327
1788
7733
855
5834
9793
3955
9063
3667
9516
858
8100
9994
1309
2292
1892
3174
7710
5209
2827
8495
8465
4294
6457
1329
4380
6163
3460
3190
1746
6363
5376
7491
4756
6364
988
6957
5022
714
376
9052
2957
4464
617
1586
5377
4271
6109
5032
407
2343
2625
2660
6420
236
4480
9479
9615
8730
574
4577
703
9246
4371
3245
5521
6022
5463
3334
5292
6181
4478
2110
5580
2097
2700
5730
6790
3764
9163
3357
379
3065
4352
8167
419
8201
2490
3283
923
7255
6795
8865
8779
4748
2300
9238
8239
9710
2928
3216
7478
1749
5196
697
8188
931
3682
176
8951
6742
2424
1335
9768
1531
4262
4745
5596
6903
5120
3291
5891
8615
6219
9396
8791
6949
7351
1384
108
5521
5327
7968
8356
9587
4214
9186
6229
8662
8277
9358
7235
606
6561
7554
8622
8235
3603
2835
2099
9807
7266
9167
8869
8066
8916
8051
604
1370
5784
2639
3983
7338
8514
9876
5034
1455
5262
1579
7246
8092
1320
3591
4357
9331
2615
7886
3165
8289
5931
7114
7288
967
8895
674
5567
4813
2008
406
305
9580
9640
2925
1465
8358
1101
9413
1352
3919
1854
6354
1890
4237
94
4373
7584
7192
8563
5583
3800
5191
1747
6880
7282
1043
1428
8763
9503
1774
2172
5923
8181
7974
3924
8527
1202
105
6342
3518
1557
9506
6992
1652
8811
8648
7161
5158
7095
7182
4483
9095
8156
4309
2317
155
3885
8907
9820
9664
7630
1861
3803
6488
1098
5385
6120
3396
464
7995
1712
1249
2134
5573
2
9842
6217
8103
772
4672
1213
3657
7140
9802
9375
8134
8737
16
1896
8190
424
4357
9949
3010
5272
5601
6847
2241
4326
9515
5942
1053
6267
7232
815
9190
575
5417
4867
3222
4891
926
4366
8134
2850
1738
3712
2500
8428
6584
7679
3325
7818
8377
5270
7480
7202
7164
541
7857
8614
9745
7962
5767
4184
1742
8492
1850
2548
4329
2949
5251
6795
7345
9517
8161
5333
9497
3122
2606
618
5861
5363
1255
1772
4773
5012
9188
8922
2151
841
8345
7387
1498
6029
2431
9194
6249
8255
478
763
6394
3760
3323
6322
6201
8663
7441
1100
4785
7650
8200
8697
2828
772
1837
7244
4889
6489
7788
3748
3549
8519
1858
567
9579
7923
4088
4522
4641
9833
3392
761
6934
3806
78
5626
7453
7074
1858
583
2125
522
5823
2005
4837
5218
9806
6129
4082
1499
7473
4931
1489
8519
9476
3542
571
8531
1410
6770
8467
8807
125
5713
751
3919
2110
2998
3861
4378
9995
5324
4734
5667
3946
4781
4123
5987
9166
7686
6028
3252
5615
4534
7595
4900
3000
2614
629
7802
9418
6808
7652
3982
1499
4567
6573
9640
5971
2898
3206
5238
404
6806
6181
9014
2183
7831
8712
2366
1237
9842
634
1760
6413
3971
9379
8956
206
3399
8498
3055
4794
249
2654
1219
2556
838
2547
5577
9140
6348
4302
6614
9105
8432
2115
9467
3154
7563
5314
8804
6590
9159
9065
2442
5794
9056
1931
5859
4195
2505
2007
1877
9843
9918
1569
9307
9822
6992
4849
2289
3749
6865
8814
1215
7711
7051
4724
6428
5486
190
6911
4628
4273
3661
3970
7978
2037
1392
7164
2359
4115
6424
3580
6250
7939
9250
3235
635
8268
6204
1127
8013
7942
2136
1291
9323
4136
816
8976
524
1861
4418
9277
7326
760
9758
1595
1821
3141
4094
8295
7251
9686
6730
4222
2151
2377
8871
6000
1554
8279
7557
5309
4069
8150
4471
7260
643
2612
1456
9905
7610
5171
5226
385
4954
6987
6965
6284
7024
2249
2001
2260
4146
4118
3121
1723
6431
5079
1412
4711
2427
3122
8212
5604
1387
502
9548
6814
7452
150
7784
996
4386
9371
6268
2173
5895
1794
8100
5066
8664
9742
6735
8411
2661
7255
2653
2919
5448
9238
4848
6961
3491
3071
2193
4687
1167
5342
6703
7289
392
5389
8873
262
6450
909
718
9413
3666
7756
677
4165
1651
243
6263
5948
2165
2797
1912
2159
5797
233
6357
9028
513
8879
9282
9926
2550
9420
1187
2148
1370
289
3504
1821
8785
5626
9364
4902
2935
5642
9334
2706
6985
8538
6959
1719
9082
6115
1858
6819
4023
8912
7296
8780
3945
9959
1601
299
537
3653
430
9174
8745
2057
1842
102
8008
8271
9153
9810
5051
7210
1405
5610
6939
9004
1269
1767
394
5442
5585
2154
4765
3893
9031
7054
4722
2209
8426
6993
5010
2298
1150
7389
5463
7414
6888
1905
4829
1042
5330
4029
5591
7344
3771
7776
9712
3062
3955
9505
3233
8843
1470
2410
2144
8116
2899
1035
7926
532
7700
677
11
191
7793
3356
509
4201
4190
1344
773
2165
613
2212
8284
8943
2551
5049
7116
7961
1771
7560
5202
7705
1513
5617
8820
8264
1992
7031
9680
945
7755
7016
105
9046
4126
5054
6214
1308
9758
880
8208
5785
7649
4140
5316
8572
6758
1008
709
9190
9720
5669
85
6318
7530
7598
6603
454
3642
8142
8123
9422
1195
5634
9403
2980
5729
1468
7379
3219
6674
2694
3025
4987
8326
6795
9527
5355
9477
3987
1165
699
6018
207
1502
5446
9178
8471
2821
1149
4973
4168
3590
7254
8401
6384
4108
2540
743
4785
8337
6353
6600
9367
7731
9630
827
6256
4913
7664
1704
3566
7210
2272
7951
2918
9026
8430
3717
1861
1118
188
3769
7959
7067
4529
6093
128
3726
3018
4299
1139
7907
9482
6989
7131
2669
3472
20
6057
4062
5088
8951
8690
1930
6368
9416
8302
9123
3385
2311
4324
3394
5229
9059
7934
5196
795
4531
9537
8387
8656
8994
7973
4007
1009
3521
3129
216
4123
8236
2975
1511
3893
6180
9781
6458
8243
1496
7713
1516
4017
8941
8213
2705
5619
8924
3532
190
3058
5652
5166
8463
3705
742
5675
2045
2323
4710
8963
9757
7670
2222
9548
9730
3978
3151
9588
837
8640
2311
6774
3893
696
2941
2535
3981
564
8832
8857
5236
5093
1567
7077
1317
7136
6274
4312
7435
8554
7521
9097
4051
8696
6850
2418
4914
9019
2040
8123
5359
4691
7381
9586
75
4411
5015
3191
2274
5325
4955
3158
9426
806
9321
904
8374
3815
2672
1136
6789
1191
311
553
6687
254
6437
1740
9228
9706
3145
3181
5983
209
765
8067
902
6450
3258
586
6695
5178
5625
1655
5212
8343
9634
6054
9559
6405
1531
2974
9490
7793
9733
7902
5285
2298
4004
7615
2965
5763
5891
6733
9245
2868
4127
8783
3487
3104
4481
5590
6198
7831
5576
5065
6964
8864
1184
376
4972
1052
8197
6467
8533
7583
7901
231
2204
2204
6869
1964
4694
3192
9849
1277
4826
2840
8153
2307
1161
5929
4176
9609
7499
8866
3429
7818
9358
8390
5052
8850
5975
1410
4096
4982
99
3041
5073
1080
3214
6643
9503
8867
8729
2580
7002
2057
5853
8082
7459
3313
6436
1368
9825
6149
2719
252
7008
5250
8107
6126
4006
3523
5533
5035
4048
897
2220
4609
1396
5336
6489
443
8416
554
5597
5067
7976
194
2776
8835
1530
1027
4312
442
1678
7296
4348
3183
8089
376
8803
1126
3565
7878
7532
4380
8022
9168
6425
2297
3188
4511
2590
9997
1738
9275
6072
6640
9472
3125
6144
611
3944
2005
1357
671
1793
2068
7621
2925
8553
703
8010
3005
5630
9017
3087
5236
8625
8711
3724
4681
8917
4596
3102
3885
2201
653
7037
9450
4621
8692
5592
9612
2616
3686
1408
8426
5616
100
5753
7215
7912
6623
7363
435
4773
8328
8049
1470
5259
7880
9303
4699
7926
2683
5850
1032
2399
9033
8587
7894
5859
6807
7501
3673
7885
9833
6697
1621
7
8286
456
1445
2394
8285
5793
2752
1822
5802
1603
3159
1809
5039
3132
764
8795
1767
5013
2344
4748
7590
4886
7430
9074
4856
2417
7950
3970
902
6559
1907
4001
7764
3254
5605
5938
5134
3365
5463
7095
5871
4595
6972
201
4316
435
9258
3186
5720
2717
5096
8341
2392
7836
5746
495
2271
7552
6925
8733
6829
8908
9314
9797
8407
9316
2260
3428
5345
8577
3232
9521
8863
564
4571
3472
8340
1025
6211
8420
4803
2300
8986
7763
8852
2393
677
7155
6730
8249
6840
1341
6798
4288
4832
1104
42
7382
2245
8185
4226
8212
8612
1703
822
4437
5433
4015
2547
5726
4878
5359
4692
4240
234
6664
7379
5300
8330
7065
6267
2420
2266
7929
5559
3217
766
7896
9603
4465
8309
7050
3692
6153
6983
5936
7931
3201
4653
2260
8685
8031
5336
1134
2793
1003
7815
8794
7323
4281
1003
3583
6523
3748
9801
8642
3845
2812
5793
9579
33
2926
1778
5156
4796
601
4970
9226
4049
6772
7395
6773
9863
9823
447
7118
7659
2222
4213
2765
1542
8201
4994
8753
3444
8167
3711
880
1767
2407
5179
8071
5396
5037
9975
7798
8953
2061
1419
3468
3608
8788
2228
1804
7238
3157
8663
4525
1064
9751
425
1967
3682
8175
2032
4231
3240
6135
6698
110
5107
7156
4461
7594
5665
8606
7926
8958
5123
5968
7032
522
5375
7946
3671
3988
1749
1808
9742
2966
5134
5433
3603
6080
3887
2598
7594
8637
725
131
9904
576
7060
693
7936
9297
7178
9264
3344
7662
1107
3004
8363
3374
2077
4962
525
2467
1898
7893
5179
6269
7910
5661
8901
5607
381
6426
1334
5856
9081
1843
9150
4329
5185
7974
9939
5354
2491
1518
1004
9269
8122
984
7790
5504
2895
5762
515
8489
4962
1202
5027
199
532
8210
8336
4625
1349
4587
7910
8312
1782
7720
3426
1811
5453
2628
1210
3244
7255
7389
315
8662
7289
6289
1690
6987
1468
957
8449
7979
3184
1200
6373
836
375
4380
2820
625
4627
6761
435
7309
5443
7186
9690
9749
9739
5864
8426
1314
753
1705
5332
3330
4264
1655
3870
6811
4074
2232
236
6557
635
2439
88
9487
9491
5173
1679
2012
8482
6383
1497
4194
597
1707
3617
319
2605
1285
7941
4784
6556
464
9150
1459
3919
561
4158
3535
1912
7091
5755
3211
3019
3428
6030
691
4024
924
7058
2024
1119
1755
3008
6274
3330
5271
5079
3315
2108
160
3131
2173
920
2472
2812
4286
6994
1003
3501
8410
8821
3992
5056
2116
9061
6208
3656
5620
2717
8201
9097
4959
7667
8139
5864
2555
5715
8061
6004
1781
8198
8405
8595
1708
7208
2080
1696
7341
5052
7728
611
4018
8404
3234
1965
5727
9110
3301
4795
4734
5751
7693
7729
6492
582
8358
7668
9384
7320
7649
4473
845
1789
2386
687
5803
8754
835
8246
3392
5361
4097
9457
8189
9745
8422
6945
490
3797
1399
8878
3525
9409
8189
3366
8265
1997
3450
9037
7231
8585
1183
1812
6213
9310
111
4570
7892
5302
8607
1791
5387
2313
8370
1023
3055
4904
9786
6436
1292
156
6909
3262
3144
1016
3813
3272
1484
4772
5268
1211
3276
3013
6485
9686
3939
7274
8400
6880
5165
320
4428
4953
4024
9334
3585
5078
1974
5605
6833
4060
9808
436
5957
7519
7096
1070
3832
9075
7959
2219
7340
5274
8968
9735
6834
1000
394
1333
3615
4493
8617
4918
3533
6508
6324
3735
8176
752
1412
4004
1864
103
7079
9073
8582
2564
4102
3756
118
6
4846
1626
8047
4476
2056
8651
3103
1854
8161
5483
1649
137
3245
5748
9317
6493
5798
2972
8163
9109
5615
1477
3782
3427
6411
4311
2657
1110
6995
2027
9130
7103
5418
5996
4792
6828
1219
608
5963
4825
6655
6219
8896
969
6409
2636
1652
5050
8562
6579
7994
1774
9378
7852
2002
5503
2843
1080
4155
1473
5694
2466
838
5470
6114
3849
3159
2468
5152
9569
7383
2720
8007
7051
8794
6118
8492
120
5262
8408
1708
978
357
9178
7682
8775
5567
8952
2661
3271
2807
5221
9552
912
5309
8189
8017
4172
5057
3959
3771
845
8353
9037
771
6066
2952
7592
8993
2032
8512
2056
8337
8586
4818
4754
5024
186
7744
812
7727
6120
5315
1945
2269
8361
9336
3236
5056
2069
5678
173
1540
8767
4753
4255
1199
7567
1992
9499
7898
4260
1518
3096
350
1534
5583
1896
7700
3731
2204
2917
3140
7838
8925
1873
1131
1735
5478
9474
1987
8350
5362
2802
1300
3995
1873
4867
6422
1656
8696
351
6920
3197
2895
3256
2328
4208
4424
6217
7250
4180
8482
8798
9958
6542
7973
4580
9172
5003
9665
1964
4126
8478
4649
6771
5856
1730
2551
4378
6162
3435
9456
2360
1158
3536
9466
402
2270
1257
5055